# A cartesian grid is assumed. First the dimensions of the grid are given.
# Then, the two vectors that define the mesh are provided, with the time coordinates given first.
# Lastly, the incoming heat flux is given in as an array that will be read in a time major way.
# 
# Number of time point, Number of x points
31 51
# Time coordinates [s]
0.000000
0.000133
0.000267
0.000400
0.000533
0.000667
0.000800
0.000933
0.001067
0.001200
0.001333
0.001467
0.001600
0.001733
0.001867
0.002000
0.002133
0.002267
0.002400
0.002533
0.002667
0.002800
0.002933
0.003067
0.003200
0.003333
0.003467
0.003600
0.003733
0.003867
0.004000
# Space coordinates [m]
0.000000
0.000800
0.001600
0.002400
0.003200
0.004000
0.004800
0.005600
0.006400
0.007200
0.008000
0.008800
0.009600
0.010400
0.011200
0.012000
0.012800
0.013600
0.014400
0.015200
0.016000
0.016800
0.017600
0.018400
0.019200
0.020000
0.020800
0.021600
0.022400
0.023200
0.024000
0.024800
0.025600
0.026400
0.027200
0.028000
0.028800
0.029600
0.030400
0.031200
0.032000
0.032800
0.033600
0.034400
0.035200
0.036000
0.036800
0.037600
0.038400
0.039200
0.040000
# Incoming heat flux [W/m^2]
16886915.251179
23254680.574959
31608114.804817
42404795.269493
56151260.321347
73389209.070768
94674510.216408
120548576.917592
151502315.245214
187933677.713137
230100793.631598
278073614.195146
331687883.848037
390505895.291366
453788768.519230
520484800.861251
589237695.015882
658417178.203115
726172746.030458
790509145.404902
849379965.443433
900793592.465332
942924075.557434
974218387.140686
993491327.842298
1000000000.000000
993491327.842298
974218387.140686
942924075.557434
900793592.465332
849379965.443433
790509145.404902
726172746.030458
658417178.203115
589237695.015882
520484800.861251
453788768.519230
390505895.291366
331687883.848038
278073614.195146
230100793.631598
187933677.713137
151502315.245214
120548576.917592
94674510.216408
73389209.070767
56151260.321347
42404795.269493
31608114.804817
23254680.574959
16886915.251179
16886915.251179
23254680.574959
31608114.804817
42404795.269493
56151260.321347
73389209.070768
94674510.216408
120548576.917592
151502315.245214
187933677.713137
230100793.631598
278073614.195146
331687883.848037
390505895.291366
453788768.519230
520484800.861251
589237695.015882
658417178.203115
726172746.030458
790509145.404902
849379965.443433
900793592.465332
942924075.557434
974218387.140686
993491327.842298
1000000000.000000
993491327.842298
974218387.140686
942924075.557434
900793592.465332
849379965.443433
790509145.404902
726172746.030458
658417178.203115
589237695.015882
520484800.861251
453788768.519230
390505895.291366
331687883.848038
278073614.195146
230100793.631598
187933677.713137
151502315.245214
120548576.917592
94674510.216408
73389209.070767
56151260.321347
42404795.269493
31608114.804817
23254680.574959
16886915.251179
16886915.251179
23254680.574959
31608114.804817
42404795.269493
56151260.321347
73389209.070768
94674510.216408
120548576.917592
151502315.245214
187933677.713137
230100793.631598
278073614.195146
331687883.848037
390505895.291366
453788768.519230
520484800.861251
589237695.015882
658417178.203115
726172746.030458
790509145.404902
849379965.443433
900793592.465332
942924075.557434
974218387.140686
993491327.842298
1000000000.000000
993491327.842298
974218387.140686
942924075.557434
900793592.465332
849379965.443433
790509145.404902
726172746.030458
658417178.203115
589237695.015882
520484800.861251
453788768.519230
390505895.291366
331687883.848038
278073614.195146
230100793.631598
187933677.713137
151502315.245214
120548576.917592
94674510.216408
73389209.070767
56151260.321347
42404795.269493
31608114.804817
23254680.574959
16886915.251179
16886915.251179
23254680.574959
31608114.804817
42404795.269493
56151260.321347
73389209.070768
94674510.216408
120548576.917592
151502315.245214
187933677.713137
230100793.631598
278073614.195146
331687883.848037
390505895.291366
453788768.519230
520484800.861251
589237695.015882
658417178.203115
726172746.030458
790509145.404902
849379965.443433
900793592.465332
942924075.557434
974218387.140686
993491327.842298
1000000000.000000
993491327.842298
974218387.140686
942924075.557434
900793592.465332
849379965.443433
790509145.404902
726172746.030458
658417178.203115
589237695.015882
520484800.861251
453788768.519230
390505895.291366
331687883.848038
278073614.195146
230100793.631598
187933677.713137
151502315.245214
120548576.917592
94674510.216408
73389209.070767
56151260.321347
42404795.269493
31608114.804817
23254680.574959
16886915.251179
16886915.251179
23254680.574959
31608114.804817
42404795.269493
56151260.321347
73389209.070768
94674510.216408
120548576.917592
151502315.245214
187933677.713137
230100793.631598
278073614.195146
331687883.848037
390505895.291366
453788768.519230
520484800.861251
589237695.015882
658417178.203115
726172746.030458
790509145.404902
849379965.443433
900793592.465332
942924075.557434
974218387.140686
993491327.842298
1000000000.000000
993491327.842298
974218387.140686
942924075.557434
900793592.465332
849379965.443433
790509145.404902
726172746.030458
658417178.203115
589237695.015882
520484800.861251
453788768.519230
390505895.291366
331687883.848038
278073614.195146
230100793.631598
187933677.713137
151502315.245214
120548576.917592
94674510.216408
73389209.070767
56151260.321347
42404795.269493
31608114.804817
23254680.574959
16886915.251179
16886915.251179
23254680.574959
31608114.804817
42404795.269493
56151260.321347
73389209.070768
94674510.216408
120548576.917592
151502315.245214
187933677.713137
230100793.631598
278073614.195146
331687883.848037
390505895.291366
453788768.519230
520484800.861251
589237695.015882
658417178.203115
726172746.030458
790509145.404902
849379965.443433
900793592.465332
942924075.557434
974218387.140686
993491327.842298
1000000000.000000
993491327.842298
974218387.140686
942924075.557434
900793592.465332
849379965.443433
790509145.404902
726172746.030458
658417178.203115
589237695.015882
520484800.861251
453788768.519230
390505895.291366
331687883.848038
278073614.195146
230100793.631598
187933677.713137
151502315.245214
120548576.917592
94674510.216408
73389209.070767
56151260.321347
42404795.269493
31608114.804817
23254680.574959
16886915.251179
16886915.251179
23254680.574959
31608114.804817
42404795.269493
56151260.321347
73389209.070768
94674510.216408
120548576.917592
151502315.245214
187933677.713137
230100793.631598
278073614.195146
331687883.848037
390505895.291366
453788768.519230
520484800.861251
589237695.015882
658417178.203115
726172746.030458
790509145.404902
849379965.443433
900793592.465332
942924075.557434
974218387.140686
993491327.842298
1000000000.000000
993491327.842298
974218387.140686
942924075.557434
900793592.465332
849379965.443433
790509145.404902
726172746.030458
658417178.203115
589237695.015882
520484800.861251
453788768.519230
390505895.291366
331687883.848038
278073614.195146
230100793.631598
187933677.713137
151502315.245214
120548576.917592
94674510.216408
73389209.070767
56151260.321347
42404795.269493
31608114.804817
23254680.574959
16886915.251179
16886915.251179
23254680.574959
31608114.804817
42404795.269493
56151260.321347
73389209.070768
94674510.216408
120548576.917592
151502315.245214
187933677.713137
230100793.631598
278073614.195146
331687883.848037
390505895.291366
453788768.519230
520484800.861251
589237695.015882
658417178.203115
726172746.030458
790509145.404902
849379965.443433
900793592.465332
942924075.557434
974218387.140686
993491327.842298
1000000000.000000
993491327.842298
974218387.140686
942924075.557434
900793592.465332
849379965.443433
790509145.404902
726172746.030458
658417178.203115
589237695.015882
520484800.861251
453788768.519230
390505895.291366
331687883.848038
278073614.195146
230100793.631598
187933677.713137
151502315.245214
120548576.917592
94674510.216408
73389209.070767
56151260.321347
42404795.269493
31608114.804817
23254680.574959
16886915.251179
16886915.251179
23254680.574959
31608114.804817
42404795.269493
56151260.321347
73389209.070768
94674510.216408
120548576.917592
151502315.245214
187933677.713137
230100793.631598
278073614.195146
331687883.848037
390505895.291366
453788768.519230
520484800.861251
589237695.015882
658417178.203115
726172746.030458
790509145.404902
849379965.443433
900793592.465332
942924075.557434
974218387.140686
993491327.842298
1000000000.000000
993491327.842298
974218387.140686
942924075.557434
900793592.465332
849379965.443433
790509145.404902
726172746.030458
658417178.203115
589237695.015882
520484800.861251
453788768.519230
390505895.291366
331687883.848038
278073614.195146
230100793.631598
187933677.713137
151502315.245214
120548576.917592
94674510.216408
73389209.070767
56151260.321347
42404795.269493
31608114.804817
23254680.574959
16886915.251179
16886915.251179
23254680.574959
31608114.804817
42404795.269493
56151260.321347
73389209.070768
94674510.216408
120548576.917592
151502315.245214
187933677.713137
230100793.631598
278073614.195146
331687883.848037
390505895.291366
453788768.519230
520484800.861251
589237695.015882
658417178.203115
726172746.030458
790509145.404902
849379965.443433
900793592.465332
942924075.557434
974218387.140686
993491327.842298
1000000000.000000
993491327.842298
974218387.140686
942924075.557434
900793592.465332
849379965.443433
790509145.404902
726172746.030458
658417178.203115
589237695.015882
520484800.861251
453788768.519230
390505895.291366
331687883.848038
278073614.195146
230100793.631598
187933677.713137
151502315.245214
120548576.917592
94674510.216408
73389209.070767
56151260.321347
42404795.269493
31608114.804817
23254680.574959
16886915.251179
16886915.251179
23254680.574959
31608114.804817
42404795.269493
56151260.321347
73389209.070768
94674510.216408
120548576.917592
151502315.245214
187933677.713137
230100793.631598
278073614.195146
331687883.848037
390505895.291366
453788768.519230
520484800.861251
589237695.015882
658417178.203115
726172746.030458
790509145.404902
849379965.443433
900793592.465332
942924075.557434
974218387.140686
993491327.842298
1000000000.000000
993491327.842298
974218387.140686
942924075.557434
900793592.465332
849379965.443433
790509145.404902
726172746.030458
658417178.203115
589237695.015882
520484800.861251
453788768.519230
390505895.291366
331687883.848038
278073614.195146
230100793.631598
187933677.713137
151502315.245214
120548576.917592
94674510.216408
73389209.070767
56151260.321347
42404795.269493
31608114.804817
23254680.574959
16886915.251179
16886915.251179
23254680.574959
31608114.804817
42404795.269493
56151260.321347
73389209.070768
94674510.216408
120548576.917592
151502315.245214
187933677.713137
230100793.631598
278073614.195146
331687883.848037
390505895.291366
453788768.519230
520484800.861251
589237695.015882
658417178.203115
726172746.030458
790509145.404902
849379965.443433
900793592.465332
942924075.557434
974218387.140686
993491327.842298
1000000000.000000
993491327.842298
974218387.140686
942924075.557434
900793592.465332
849379965.443433
790509145.404902
726172746.030458
658417178.203115
589237695.015882
520484800.861251
453788768.519230
390505895.291366
331687883.848038
278073614.195146
230100793.631598
187933677.713137
151502315.245214
120548576.917592
94674510.216408
73389209.070767
56151260.321347
42404795.269493
31608114.804817
23254680.574959
16886915.251179
16886915.251179
23254680.574959
31608114.804817
42404795.269493
56151260.321347
73389209.070768
94674510.216408
120548576.917592
151502315.245214
187933677.713137
230100793.631598
278073614.195146
331687883.848037
390505895.291366
453788768.519230
520484800.861251
589237695.015882
658417178.203115
726172746.030458
790509145.404902
849379965.443433
900793592.465332
942924075.557434
974218387.140686
993491327.842298
1000000000.000000
993491327.842298
974218387.140686
942924075.557434
900793592.465332
849379965.443433
790509145.404902
726172746.030458
658417178.203115
589237695.015882
520484800.861251
453788768.519230
390505895.291366
331687883.848038
278073614.195146
230100793.631598
187933677.713137
151502315.245214
120548576.917592
94674510.216408
73389209.070767
56151260.321347
42404795.269493
31608114.804817
23254680.574959
16886915.251179
16886915.251179
23254680.574959
31608114.804817
42404795.269493
56151260.321347
73389209.070768
94674510.216408
120548576.917592
151502315.245214
187933677.713137
230100793.631598
278073614.195146
331687883.848037
390505895.291366
453788768.519230
520484800.861251
589237695.015882
658417178.203115
726172746.030458
790509145.404902
849379965.443433
900793592.465332
942924075.557434
974218387.140686
993491327.842298
1000000000.000000
993491327.842298
974218387.140686
942924075.557434
900793592.465332
849379965.443433
790509145.404902
726172746.030458
658417178.203115
589237695.015882
520484800.861251
453788768.519230
390505895.291366
331687883.848038
278073614.195146
230100793.631598
187933677.713137
151502315.245214
120548576.917592
94674510.216408
73389209.070767
56151260.321347
42404795.269493
31608114.804817
23254680.574959
16886915.251179
16886915.251179
23254680.574959
31608114.804817
42404795.269493
56151260.321347
73389209.070768
94674510.216408
120548576.917592
151502315.245214
187933677.713137
230100793.631598
278073614.195146
331687883.848037
390505895.291366
453788768.519230
520484800.861251
589237695.015882
658417178.203115
726172746.030458
790509145.404902
849379965.443433
900793592.465332
942924075.557434
974218387.140686
993491327.842298
1000000000.000000
993491327.842298
974218387.140686
942924075.557434
900793592.465332
849379965.443433
790509145.404902
726172746.030458
658417178.203115
589237695.015882
520484800.861251
453788768.519230
390505895.291366
331687883.848038
278073614.195146
230100793.631598
187933677.713137
151502315.245214
120548576.917592
94674510.216408
73389209.070767
56151260.321347
42404795.269493
31608114.804817
23254680.574959
16886915.251179
16886915.251179
23254680.574959
31608114.804817
42404795.269493
56151260.321347
73389209.070768
94674510.216408
120548576.917592
151502315.245214
187933677.713137
230100793.631598
278073614.195146
331687883.848037
390505895.291366
453788768.519230
520484800.861251
589237695.015882
658417178.203115
726172746.030458
790509145.404902
849379965.443433
900793592.465332
942924075.557434
974218387.140686
993491327.842298
1000000000.000000
993491327.842298
974218387.140686
942924075.557434
900793592.465332
849379965.443433
790509145.404902
726172746.030458
658417178.203115
589237695.015882
520484800.861251
453788768.519230
390505895.291366
331687883.848038
278073614.195146
230100793.631598
187933677.713137
151502315.245214
120548576.917592
94674510.216408
73389209.070767
56151260.321347
42404795.269493
31608114.804817
23254680.574959
16886915.251179
16886915.251179
23254680.574959
31608114.804817
42404795.269493
56151260.321347
73389209.070768
94674510.216408
120548576.917592
151502315.245214
187933677.713137
230100793.631598
278073614.195146
331687883.848037
390505895.291366
453788768.519230
520484800.861251
589237695.015882
658417178.203115
726172746.030458
790509145.404902
849379965.443433
900793592.465332
942924075.557434
974218387.140686
993491327.842298
1000000000.000000
993491327.842298
974218387.140686
942924075.557434
900793592.465332
849379965.443433
790509145.404902
726172746.030458
658417178.203115
589237695.015882
520484800.861251
453788768.519230
390505895.291366
331687883.848038
278073614.195146
230100793.631598
187933677.713137
151502315.245214
120548576.917592
94674510.216408
73389209.070767
56151260.321347
42404795.269493
31608114.804817
23254680.574959
16886915.251179
16886915.251179
23254680.574959
31608114.804817
42404795.269493
56151260.321347
73389209.070768
94674510.216408
120548576.917592
151502315.245214
187933677.713137
230100793.631598
278073614.195146
331687883.848037
390505895.291366
453788768.519230
520484800.861251
589237695.015882
658417178.203115
726172746.030458
790509145.404902
849379965.443433
900793592.465332
942924075.557434
974218387.140686
993491327.842298
1000000000.000000
993491327.842298
974218387.140686
942924075.557434
900793592.465332
849379965.443433
790509145.404902
726172746.030458
658417178.203115
589237695.015882
520484800.861251
453788768.519230
390505895.291366
331687883.848038
278073614.195146
230100793.631598
187933677.713137
151502315.245214
120548576.917592
94674510.216408
73389209.070767
56151260.321347
42404795.269493
31608114.804817
23254680.574959
16886915.251179
16886915.251179
23254680.574959
31608114.804817
42404795.269493
56151260.321347
73389209.070768
94674510.216408
120548576.917592
151502315.245214
187933677.713137
230100793.631598
278073614.195146
331687883.848037
390505895.291366
453788768.519230
520484800.861251
589237695.015882
658417178.203115
726172746.030458
790509145.404902
849379965.443433
900793592.465332
942924075.557434
974218387.140686
993491327.842298
1000000000.000000
993491327.842298
974218387.140686
942924075.557434
900793592.465332
849379965.443433
790509145.404902
726172746.030458
658417178.203115
589237695.015882
520484800.861251
453788768.519230
390505895.291366
331687883.848038
278073614.195146
230100793.631598
187933677.713137
151502315.245214
120548576.917592
94674510.216408
73389209.070767
56151260.321347
42404795.269493
31608114.804817
23254680.574959
16886915.251179
16886915.251179
23254680.574959
31608114.804817
42404795.269493
56151260.321347
73389209.070768
94674510.216408
120548576.917592
151502315.245214
187933677.713137
230100793.631598
278073614.195146
331687883.848037
390505895.291366
453788768.519230
520484800.861251
589237695.015882
658417178.203115
726172746.030458
790509145.404902
849379965.443433
900793592.465332
942924075.557434
974218387.140686
993491327.842298
1000000000.000000
993491327.842298
974218387.140686
942924075.557434
900793592.465332
849379965.443433
790509145.404902
726172746.030458
658417178.203115
589237695.015882
520484800.861251
453788768.519230
390505895.291366
331687883.848038
278073614.195146
230100793.631598
187933677.713137
151502315.245214
120548576.917592
94674510.216408
73389209.070767
56151260.321347
42404795.269493
31608114.804817
23254680.574959
16886915.251179
16886915.251179
23254680.574959
31608114.804817
42404795.269493
56151260.321347
73389209.070768
94674510.216408
120548576.917592
151502315.245214
187933677.713137
230100793.631598
278073614.195146
331687883.848037
390505895.291366
453788768.519230
520484800.861251
589237695.015882
658417178.203115
726172746.030458
790509145.404902
849379965.443433
900793592.465332
942924075.557434
974218387.140686
993491327.842298
1000000000.000000
993491327.842298
974218387.140686
942924075.557434
900793592.465332
849379965.443433
790509145.404902
726172746.030458
658417178.203115
589237695.015882
520484800.861251
453788768.519230
390505895.291366
331687883.848038
278073614.195146
230100793.631598
187933677.713137
151502315.245214
120548576.917592
94674510.216408
73389209.070767
56151260.321347
42404795.269493
31608114.804817
23254680.574959
16886915.251179
16886915.251179
23254680.574959
31608114.804817
42404795.269493
56151260.321347
73389209.070768
94674510.216408
120548576.917592
151502315.245214
187933677.713137
230100793.631598
278073614.195146
331687883.848037
390505895.291366
453788768.519230
520484800.861251
589237695.015882
658417178.203115
726172746.030458
790509145.404902
849379965.443433
900793592.465332
942924075.557434
974218387.140686
993491327.842298
1000000000.000000
993491327.842298
974218387.140686
942924075.557434
900793592.465332
849379965.443433
790509145.404902
726172746.030458
658417178.203115
589237695.015882
520484800.861251
453788768.519230
390505895.291366
331687883.848038
278073614.195146
230100793.631598
187933677.713137
151502315.245214
120548576.917592
94674510.216408
73389209.070767
56151260.321347
42404795.269493
31608114.804817
23254680.574959
16886915.251179
16886915.251179
23254680.574959
31608114.804817
42404795.269493
56151260.321347
73389209.070768
94674510.216408
120548576.917592
151502315.245214
187933677.713137
230100793.631598
278073614.195146
331687883.848037
390505895.291366
453788768.519230
520484800.861251
589237695.015882
658417178.203115
726172746.030458
790509145.404902
849379965.443433
900793592.465332
942924075.557434
974218387.140686
993491327.842298
1000000000.000000
993491327.842298
974218387.140686
942924075.557434
900793592.465332
849379965.443433
790509145.404902
726172746.030458
658417178.203115
589237695.015882
520484800.861251
453788768.519230
390505895.291366
331687883.848038
278073614.195146
230100793.631598
187933677.713137
151502315.245214
120548576.917592
94674510.216408
73389209.070767
56151260.321347
42404795.269493
31608114.804817
23254680.574959
16886915.251179
0.000000
0.000000
0.000000
0.000000
0.000000
0.000000
0.000000
0.000000
0.000000
0.000000
0.000000
0.000000
0.000000
0.000000
0.000000
0.000000
0.000000
0.000000
0.000000
0.000000
0.000000
0.000000
0.000000
0.000000
0.000000
0.000000
0.000000
0.000000
0.000000
0.000000
0.000000
0.000000
0.000000
0.000000
0.000000
0.000000
0.000000
0.000000
0.000000
0.000000
0.000000
0.000000
0.000000
0.000000
0.000000
0.000000
0.000000
0.000000
0.000000
0.000000
0.000000
0.000000
0.000000
0.000000
0.000000
0.000000
0.000000
0.000000
0.000000
0.000000
0.000000
0.000000
0.000000
0.000000
0.000000
0.000000
0.000000
0.000000
0.000000
0.000000
0.000000
0.000000
0.000000
0.000000
0.000000
0.000000
0.000000
0.000000
0.000000
0.000000
0.000000
0.000000
0.000000
0.000000
0.000000
0.000000
0.000000
0.000000
0.000000
0.000000
0.000000
0.000000
0.000000
0.000000
0.000000
0.000000
0.000000
0.000000
0.000000
0.000000
0.000000
0.000000
0.000000
0.000000
0.000000
0.000000
0.000000
0.000000
0.000000
0.000000
0.000000
0.000000
0.000000
0.000000
0.000000
0.000000
0.000000
0.000000
0.000000
0.000000
0.000000
0.000000
0.000000
0.000000
0.000000
0.000000
0.000000
0.000000
0.000000
0.000000
0.000000
0.000000
0.000000
0.000000
0.000000
0.000000
0.000000
0.000000
0.000000
0.000000
0.000000
0.000000
0.000000
0.000000
0.000000
0.000000
0.000000
0.000000
0.000000
0.000000
0.000000
0.000000
0.000000
0.000000
0.000000
0.000000
0.000000
0.000000
0.000000
0.000000
0.000000
0.000000
0.000000
0.000000
0.000000
0.000000
0.000000
0.000000
0.000000
0.000000
0.000000
0.000000
0.000000
0.000000
0.000000
0.000000
0.000000
0.000000
0.000000
0.000000
0.000000
0.000000
0.000000
0.000000
0.000000
0.000000
0.000000
0.000000
0.000000
0.000000
0.000000
0.000000
0.000000
0.000000
0.000000
0.000000
0.000000
0.000000
0.000000
0.000000
0.000000
0.000000
0.000000
0.000000
0.000000
0.000000
0.000000
0.000000
0.000000
0.000000
0.000000
0.000000
0.000000
0.000000
0.000000
0.000000
0.000000
0.000000
0.000000
0.000000
0.000000
0.000000
0.000000
0.000000
0.000000
0.000000
0.000000
0.000000
0.000000
0.000000
0.000000
0.000000
0.000000
0.000000
0.000000
0.000000
0.000000
0.000000
0.000000
0.000000
0.000000
0.000000
0.000000
0.000000
0.000000
0.000000
0.000000
0.000000
0.000000
0.000000
0.000000
0.000000
0.000000
0.000000
0.000000
0.000000
0.000000
0.000000
0.000000
0.000000
0.000000
0.000000
0.000000
0.000000
0.000000
0.000000
0.000000
0.000000
0.000000
0.000000
0.000000
0.000000
0.000000
0.000000
0.000000
0.000000
0.000000
0.000000
0.000000
0.000000
0.000000
0.000000
0.000000
0.000000
0.000000
0.000000
0.000000
0.000000
0.000000
0.000000
0.000000
0.000000
0.000000
0.000000
0.000000
0.000000
0.000000
0.000000
0.000000
0.000000
0.000000
0.000000
0.000000
0.000000
0.000000
0.000000
0.000000
0.000000
0.000000
0.000000
0.000000
0.000000
0.000000
0.000000
0.000000
0.000000
0.000000
0.000000
0.000000
0.000000
0.000000
0.000000
0.000000
0.000000
0.000000
0.000000
0.000000
0.000000
0.000000
0.000000
0.000000
0.000000
0.000000
0.000000
0.000000
0.000000
0.000000
0.000000
0.000000
0.000000
0.000000
0.000000
0.000000
0.000000
0.000000
0.000000
0.000000
0.000000
0.000000
0.000000
0.000000
0.000000
0.000000
0.000000
0.000000
0.000000
0.000000
0.000000
0.000000
0.000000
0.000000
0.000000
0.000000
0.000000
0.000000
0.000000
0.000000
0.000000
0.000000
0.000000
0.000000
0.000000
0.000000
0.000000
0.000000
0.000000
0.000000
0.000000
0.000000
0.000000
0.000000
0.000000
0.000000
0.000000
0.000000
0.000000
0.000000
0.000000
0.000000
0.000000
0.000000
0.000000
0.000000
0.000000
0.000000
0.000000
0.000000
0.000000
0.000000
0.000000
0.000000
0.000000
0.000000
0.000000
0.000000
0.000000
0.000000
0.000000
