# A cartesian grid is assumed. First the dimensions of the grid are given.
# Then, the two vectors that define the mesh are provided, with the time coordinates given first.
# Lastly, the incoming heat flux is given in as an array that will be read in a time major way.
# 
# Number of time point, Number of x points, Number of z points
14 15 13
# Time coordinates [s]
0.000000
0.000308
0.000615
0.000923
0.001231
0.001538
0.001846
0.002154
0.002462
0.002769
0.003077
0.003385
0.003692
0.004000
# x-coordinates [m]
0.000000
0.002857
0.005714
0.008571
0.011429
0.014286
0.017143
0.020000
0.022857
0.025714
0.028571
0.031429
0.034286
0.037143
0.040000
# z-coordinates [m]
0.000000
0.004167
0.008333
0.012500
0.016667
0.020833
0.025000
0.029167
0.033333
0.037500
0.041667
0.045833
0.050000
# Incoming heat flux [W/m^2]
16886915.251179
16886915.251179
16886915.251179
16886915.251179
16886915.251179
16886915.251179
16886915.251179
16886915.251179
16886915.251179
16886915.251179
16886915.251179
16886915.251179
16886915.251179
49864569.579254
49864569.579254
49864569.579254
49864569.579254
49864569.579254
49864569.579254
49864569.579254
49864569.579254
49864569.579254
49864569.579254
49864569.579254
49864569.579254
49864569.579254
124649040.760653
124649040.760653
124649040.760653
124649040.760653
124649040.760653
124649040.760653
124649040.760653
124649040.760653
124649040.760653
124649040.760653
124649040.760653
124649040.760653
124649040.760653
263779427.941378
263779427.941378
263779427.941378
263779427.941378
263779427.941378
263779427.941378
263779427.941378
263779427.941378
263779427.941378
263779427.941378
263779427.941378
263779427.941378
263779427.941378
472550273.284979
472550273.284979
472550273.284979
472550273.284979
472550273.284979
472550273.284979
472550273.284979
472550273.284979
472550273.284979
472550273.284979
472550273.284979
472550273.284979
472550273.284979
716655157.241385
716655157.241385
716655157.241385
716655157.241385
716655157.241385
716655157.241385
716655157.241385
716655157.241385
716655157.241385
716655157.241385
716655157.241385
716655157.241385
716655157.241385
920084167.620038
920084167.620038
920084167.620038
920084167.620038
920084167.620038
920084167.620038
920084167.620038
920084167.620038
920084167.620038
920084167.620038
920084167.620038
920084167.620038
920084167.620038
1000000000.000000
1000000000.000000
1000000000.000000
1000000000.000000
1000000000.000000
1000000000.000000
1000000000.000000
1000000000.000000
1000000000.000000
1000000000.000000
1000000000.000000
1000000000.000000
1000000000.000000
920084167.620038
920084167.620038
920084167.620038
920084167.620038
920084167.620038
920084167.620038
920084167.620038
920084167.620038
920084167.620038
920084167.620038
920084167.620038
920084167.620038
920084167.620038
716655157.241385
716655157.241385
716655157.241385
716655157.241385
716655157.241385
716655157.241385
716655157.241385
716655157.241385
716655157.241385
716655157.241385
716655157.241385
716655157.241385
716655157.241385
472550273.284979
472550273.284979
472550273.284979
472550273.284979
472550273.284979
472550273.284979
472550273.284979
472550273.284979
472550273.284979
472550273.284979
472550273.284979
472550273.284979
472550273.284979
263779427.941378
263779427.941378
263779427.941378
263779427.941378
263779427.941378
263779427.941378
263779427.941378
263779427.941378
263779427.941378
263779427.941378
263779427.941378
263779427.941378
263779427.941378
124649040.760653
124649040.760653
124649040.760653
124649040.760653
124649040.760653
124649040.760653
124649040.760653
124649040.760653
124649040.760653
124649040.760653
124649040.760653
124649040.760653
124649040.760653
49864569.579254
49864569.579254
49864569.579254
49864569.579254
49864569.579254
49864569.579254
49864569.579254
49864569.579254
49864569.579254
49864569.579254
49864569.579254
49864569.579254
49864569.579254
16886915.251179
16886915.251179
16886915.251179
16886915.251179
16886915.251179
16886915.251179
16886915.251179
16886915.251179
16886915.251179
16886915.251179
16886915.251179
16886915.251179
16886915.251179
16886915.251179
16886915.251179
16886915.251179
16886915.251179
16886915.251179
16886915.251179
16886915.251179
16886915.251179
16886915.251179
16886915.251179
16886915.251179
16886915.251179
16886915.251179
49864569.579254
49864569.579254
49864569.579254
49864569.579254
49864569.579254
49864569.579254
49864569.579254
49864569.579254
49864569.579254
49864569.579254
49864569.579254
49864569.579254
49864569.579254
124649040.760653
124649040.760653
124649040.760653
124649040.760653
124649040.760653
124649040.760653
124649040.760653
124649040.760653
124649040.760653
124649040.760653
124649040.760653
124649040.760653
124649040.760653
263779427.941378
263779427.941378
263779427.941378
263779427.941378
263779427.941378
263779427.941378
263779427.941378
263779427.941378
263779427.941378
263779427.941378
263779427.941378
263779427.941378
263779427.941378
472550273.284979
472550273.284979
472550273.284979
472550273.284979
472550273.284979
472550273.284979
472550273.284979
472550273.284979
472550273.284979
472550273.284979
472550273.284979
472550273.284979
472550273.284979
716655157.241385
716655157.241385
716655157.241385
716655157.241385
716655157.241385
716655157.241385
716655157.241385
716655157.241385
716655157.241385
716655157.241385
716655157.241385
716655157.241385
716655157.241385
920084167.620038
920084167.620038
920084167.620038
920084167.620038
920084167.620038
920084167.620038
920084167.620038
920084167.620038
920084167.620038
920084167.620038
920084167.620038
920084167.620038
920084167.620038
1000000000.000000
1000000000.000000
1000000000.000000
1000000000.000000
1000000000.000000
1000000000.000000
1000000000.000000
1000000000.000000
1000000000.000000
1000000000.000000
1000000000.000000
1000000000.000000
1000000000.000000
920084167.620038
920084167.620038
920084167.620038
920084167.620038
920084167.620038
920084167.620038
920084167.620038
920084167.620038
920084167.620038
920084167.620038
920084167.620038
920084167.620038
920084167.620038
716655157.241385
716655157.241385
716655157.241385
716655157.241385
716655157.241385
716655157.241385
716655157.241385
716655157.241385
716655157.241385
716655157.241385
716655157.241385
716655157.241385
716655157.241385
472550273.284979
472550273.284979
472550273.284979
472550273.284979
472550273.284979
472550273.284979
472550273.284979
472550273.284979
472550273.284979
472550273.284979
472550273.284979
472550273.284979
472550273.284979
263779427.941378
263779427.941378
263779427.941378
263779427.941378
263779427.941378
263779427.941378
263779427.941378
263779427.941378
263779427.941378
263779427.941378
263779427.941378
263779427.941378
263779427.941378
124649040.760653
124649040.760653
124649040.760653
124649040.760653
124649040.760653
124649040.760653
124649040.760653
124649040.760653
124649040.760653
124649040.760653
124649040.760653
124649040.760653
124649040.760653
49864569.579254
49864569.579254
49864569.579254
49864569.579254
49864569.579254
49864569.579254
49864569.579254
49864569.579254
49864569.579254
49864569.579254
49864569.579254
49864569.579254
49864569.579254
16886915.251179
16886915.251179
16886915.251179
16886915.251179
16886915.251179
16886915.251179
16886915.251179
16886915.251179
16886915.251179
16886915.251179
16886915.251179
16886915.251179
16886915.251179
16886915.251179
16886915.251179
16886915.251179
16886915.251179
16886915.251179
16886915.251179
16886915.251179
16886915.251179
16886915.251179
16886915.251179
16886915.251179
16886915.251179
16886915.251179
49864569.579254
49864569.579254
49864569.579254
49864569.579254
49864569.579254
49864569.579254
49864569.579254
49864569.579254
49864569.579254
49864569.579254
49864569.579254
49864569.579254
49864569.579254
124649040.760653
124649040.760653
124649040.760653
124649040.760653
124649040.760653
124649040.760653
124649040.760653
124649040.760653
124649040.760653
124649040.760653
124649040.760653
124649040.760653
124649040.760653
263779427.941378
263779427.941378
263779427.941378
263779427.941378
263779427.941378
263779427.941378
263779427.941378
263779427.941378
263779427.941378
263779427.941378
263779427.941378
263779427.941378
263779427.941378
472550273.284979
472550273.284979
472550273.284979
472550273.284979
472550273.284979
472550273.284979
472550273.284979
472550273.284979
472550273.284979
472550273.284979
472550273.284979
472550273.284979
472550273.284979
716655157.241385
716655157.241385
716655157.241385
716655157.241385
716655157.241385
716655157.241385
716655157.241385
716655157.241385
716655157.241385
716655157.241385
716655157.241385
716655157.241385
716655157.241385
920084167.620038
920084167.620038
920084167.620038
920084167.620038
920084167.620038
920084167.620038
920084167.620038
920084167.620038
920084167.620038
920084167.620038
920084167.620038
920084167.620038
920084167.620038
1000000000.000000
1000000000.000000
1000000000.000000
1000000000.000000
1000000000.000000
1000000000.000000
1000000000.000000
1000000000.000000
1000000000.000000
1000000000.000000
1000000000.000000
1000000000.000000
1000000000.000000
920084167.620038
920084167.620038
920084167.620038
920084167.620038
920084167.620038
920084167.620038
920084167.620038
920084167.620038
920084167.620038
920084167.620038
920084167.620038
920084167.620038
920084167.620038
716655157.241385
716655157.241385
716655157.241385
716655157.241385
716655157.241385
716655157.241385
716655157.241385
716655157.241385
716655157.241385
716655157.241385
716655157.241385
716655157.241385
716655157.241385
472550273.284979
472550273.284979
472550273.284979
472550273.284979
472550273.284979
472550273.284979
472550273.284979
472550273.284979
472550273.284979
472550273.284979
472550273.284979
472550273.284979
472550273.284979
263779427.941378
263779427.941378
263779427.941378
263779427.941378
263779427.941378
263779427.941378
263779427.941378
263779427.941378
263779427.941378
263779427.941378
263779427.941378
263779427.941378
263779427.941378
124649040.760653
124649040.760653
124649040.760653
124649040.760653
124649040.760653
124649040.760653
124649040.760653
124649040.760653
124649040.760653
124649040.760653
124649040.760653
124649040.760653
124649040.760653
49864569.579254
49864569.579254
49864569.579254
49864569.579254
49864569.579254
49864569.579254
49864569.579254
49864569.579254
49864569.579254
49864569.579254
49864569.579254
49864569.579254
49864569.579254
16886915.251179
16886915.251179
16886915.251179
16886915.251179
16886915.251179
16886915.251179
16886915.251179
16886915.251179
16886915.251179
16886915.251179
16886915.251179
16886915.251179
16886915.251179
16886915.251179
16886915.251179
16886915.251179
16886915.251179
16886915.251179
16886915.251179
16886915.251179
16886915.251179
16886915.251179
16886915.251179
16886915.251179
16886915.251179
16886915.251179
49864569.579254
49864569.579254
49864569.579254
49864569.579254
49864569.579254
49864569.579254
49864569.579254
49864569.579254
49864569.579254
49864569.579254
49864569.579254
49864569.579254
49864569.579254
124649040.760653
124649040.760653
124649040.760653
124649040.760653
124649040.760653
124649040.760653
124649040.760653
124649040.760653
124649040.760653
124649040.760653
124649040.760653
124649040.760653
124649040.760653
263779427.941378
263779427.941378
263779427.941378
263779427.941378
263779427.941378
263779427.941378
263779427.941378
263779427.941378
263779427.941378
263779427.941378
263779427.941378
263779427.941378
263779427.941378
472550273.284979
472550273.284979
472550273.284979
472550273.284979
472550273.284979
472550273.284979
472550273.284979
472550273.284979
472550273.284979
472550273.284979
472550273.284979
472550273.284979
472550273.284979
716655157.241385
716655157.241385
716655157.241385
716655157.241385
716655157.241385
716655157.241385
716655157.241385
716655157.241385
716655157.241385
716655157.241385
716655157.241385
716655157.241385
716655157.241385
920084167.620038
920084167.620038
920084167.620038
920084167.620038
920084167.620038
920084167.620038
920084167.620038
920084167.620038
920084167.620038
920084167.620038
920084167.620038
920084167.620038
920084167.620038
1000000000.000000
1000000000.000000
1000000000.000000
1000000000.000000
1000000000.000000
1000000000.000000
1000000000.000000
1000000000.000000
1000000000.000000
1000000000.000000
1000000000.000000
1000000000.000000
1000000000.000000
920084167.620038
920084167.620038
920084167.620038
920084167.620038
920084167.620038
920084167.620038
920084167.620038
920084167.620038
920084167.620038
920084167.620038
920084167.620038
920084167.620038
920084167.620038
716655157.241385
716655157.241385
716655157.241385
716655157.241385
716655157.241385
716655157.241385
716655157.241385
716655157.241385
716655157.241385
716655157.241385
716655157.241385
716655157.241385
716655157.241385
472550273.284979
472550273.284979
472550273.284979
472550273.284979
472550273.284979
472550273.284979
472550273.284979
472550273.284979
472550273.284979
472550273.284979
472550273.284979
472550273.284979
472550273.284979
263779427.941378
263779427.941378
263779427.941378
263779427.941378
263779427.941378
263779427.941378
263779427.941378
263779427.941378
263779427.941378
263779427.941378
263779427.941378
263779427.941378
263779427.941378
124649040.760653
124649040.760653
124649040.760653
124649040.760653
124649040.760653
124649040.760653
124649040.760653
124649040.760653
124649040.760653
124649040.760653
124649040.760653
124649040.760653
124649040.760653
49864569.579254
49864569.579254
49864569.579254
49864569.579254
49864569.579254
49864569.579254
49864569.579254
49864569.579254
49864569.579254
49864569.579254
49864569.579254
49864569.579254
49864569.579254
16886915.251179
16886915.251179
16886915.251179
16886915.251179
16886915.251179
16886915.251179
16886915.251179
16886915.251179
16886915.251179
16886915.251179
16886915.251179
16886915.251179
16886915.251179
16886915.251179
16886915.251179
16886915.251179
16886915.251179
16886915.251179
16886915.251179
16886915.251179
16886915.251179
16886915.251179
16886915.251179
16886915.251179
16886915.251179
16886915.251179
49864569.579254
49864569.579254
49864569.579254
49864569.579254
49864569.579254
49864569.579254
49864569.579254
49864569.579254
49864569.579254
49864569.579254
49864569.579254
49864569.579254
49864569.579254
124649040.760653
124649040.760653
124649040.760653
124649040.760653
124649040.760653
124649040.760653
124649040.760653
124649040.760653
124649040.760653
124649040.760653
124649040.760653
124649040.760653
124649040.760653
263779427.941378
263779427.941378
263779427.941378
263779427.941378
263779427.941378
263779427.941378
263779427.941378
263779427.941378
263779427.941378
263779427.941378
263779427.941378
263779427.941378
263779427.941378
472550273.284979
472550273.284979
472550273.284979
472550273.284979
472550273.284979
472550273.284979
472550273.284979
472550273.284979
472550273.284979
472550273.284979
472550273.284979
472550273.284979
472550273.284979
716655157.241385
716655157.241385
716655157.241385
716655157.241385
716655157.241385
716655157.241385
716655157.241385
716655157.241385
716655157.241385
716655157.241385
716655157.241385
716655157.241385
716655157.241385
920084167.620038
920084167.620038
920084167.620038
920084167.620038
920084167.620038
920084167.620038
920084167.620038
920084167.620038
920084167.620038
920084167.620038
920084167.620038
920084167.620038
920084167.620038
1000000000.000000
1000000000.000000
1000000000.000000
1000000000.000000
1000000000.000000
1000000000.000000
1000000000.000000
1000000000.000000
1000000000.000000
1000000000.000000
1000000000.000000
1000000000.000000
1000000000.000000
920084167.620038
920084167.620038
920084167.620038
920084167.620038
920084167.620038
920084167.620038
920084167.620038
920084167.620038
920084167.620038
920084167.620038
920084167.620038
920084167.620038
920084167.620038
716655157.241385
716655157.241385
716655157.241385
716655157.241385
716655157.241385
716655157.241385
716655157.241385
716655157.241385
716655157.241385
716655157.241385
716655157.241385
716655157.241385
716655157.241385
472550273.284979
472550273.284979
472550273.284979
472550273.284979
472550273.284979
472550273.284979
472550273.284979
472550273.284979
472550273.284979
472550273.284979
472550273.284979
472550273.284979
472550273.284979
263779427.941378
263779427.941378
263779427.941378
263779427.941378
263779427.941378
263779427.941378
263779427.941378
263779427.941378
263779427.941378
263779427.941378
263779427.941378
263779427.941378
263779427.941378
124649040.760653
124649040.760653
124649040.760653
124649040.760653
124649040.760653
124649040.760653
124649040.760653
124649040.760653
124649040.760653
124649040.760653
124649040.760653
124649040.760653
124649040.760653
49864569.579254
49864569.579254
49864569.579254
49864569.579254
49864569.579254
49864569.579254
49864569.579254
49864569.579254
49864569.579254
49864569.579254
49864569.579254
49864569.579254
49864569.579254
16886915.251179
16886915.251179
16886915.251179
16886915.251179
16886915.251179
16886915.251179
16886915.251179
16886915.251179
16886915.251179
16886915.251179
16886915.251179
16886915.251179
16886915.251179
16886915.251179
16886915.251179
16886915.251179
16886915.251179
16886915.251179
16886915.251179
16886915.251179
16886915.251179
16886915.251179
16886915.251179
16886915.251179
16886915.251179
16886915.251179
49864569.579254
49864569.579254
49864569.579254
49864569.579254
49864569.579254
49864569.579254
49864569.579254
49864569.579254
49864569.579254
49864569.579254
49864569.579254
49864569.579254
49864569.579254
124649040.760653
124649040.760653
124649040.760653
124649040.760653
124649040.760653
124649040.760653
124649040.760653
124649040.760653
124649040.760653
124649040.760653
124649040.760653
124649040.760653
124649040.760653
263779427.941378
263779427.941378
263779427.941378
263779427.941378
263779427.941378
263779427.941378
263779427.941378
263779427.941378
263779427.941378
263779427.941378
263779427.941378
263779427.941378
263779427.941378
472550273.284979
472550273.284979
472550273.284979
472550273.284979
472550273.284979
472550273.284979
472550273.284979
472550273.284979
472550273.284979
472550273.284979
472550273.284979
472550273.284979
472550273.284979
716655157.241385
716655157.241385
716655157.241385
716655157.241385
716655157.241385
716655157.241385
716655157.241385
716655157.241385
716655157.241385
716655157.241385
716655157.241385
716655157.241385
716655157.241385
920084167.620038
920084167.620038
920084167.620038
920084167.620038
920084167.620038
920084167.620038
920084167.620038
920084167.620038
920084167.620038
920084167.620038
920084167.620038
920084167.620038
920084167.620038
1000000000.000000
1000000000.000000
1000000000.000000
1000000000.000000
1000000000.000000
1000000000.000000
1000000000.000000
1000000000.000000
1000000000.000000
1000000000.000000
1000000000.000000
1000000000.000000
1000000000.000000
920084167.620038
920084167.620038
920084167.620038
920084167.620038
920084167.620038
920084167.620038
920084167.620038
920084167.620038
920084167.620038
920084167.620038
920084167.620038
920084167.620038
920084167.620038
716655157.241385
716655157.241385
716655157.241385
716655157.241385
716655157.241385
716655157.241385
716655157.241385
716655157.241385
716655157.241385
716655157.241385
716655157.241385
716655157.241385
716655157.241385
472550273.284979
472550273.284979
472550273.284979
472550273.284979
472550273.284979
472550273.284979
472550273.284979
472550273.284979
472550273.284979
472550273.284979
472550273.284979
472550273.284979
472550273.284979
263779427.941378
263779427.941378
263779427.941378
263779427.941378
263779427.941378
263779427.941378
263779427.941378
263779427.941378
263779427.941378
263779427.941378
263779427.941378
263779427.941378
263779427.941378
124649040.760653
124649040.760653
124649040.760653
124649040.760653
124649040.760653
124649040.760653
124649040.760653
124649040.760653
124649040.760653
124649040.760653
124649040.760653
124649040.760653
124649040.760653
49864569.579254
49864569.579254
49864569.579254
49864569.579254
49864569.579254
49864569.579254
49864569.579254
49864569.579254
49864569.579254
49864569.579254
49864569.579254
49864569.579254
49864569.579254
16886915.251179
16886915.251179
16886915.251179
16886915.251179
16886915.251179
16886915.251179
16886915.251179
16886915.251179
16886915.251179
16886915.251179
16886915.251179
16886915.251179
16886915.251179
16886915.251179
16886915.251179
16886915.251179
16886915.251179
16886915.251179
16886915.251179
16886915.251179
16886915.251179
16886915.251179
16886915.251179
16886915.251179
16886915.251179
16886915.251179
49864569.579254
49864569.579254
49864569.579254
49864569.579254
49864569.579254
49864569.579254
49864569.579254
49864569.579254
49864569.579254
49864569.579254
49864569.579254
49864569.579254
49864569.579254
124649040.760653
124649040.760653
124649040.760653
124649040.760653
124649040.760653
124649040.760653
124649040.760653
124649040.760653
124649040.760653
124649040.760653
124649040.760653
124649040.760653
124649040.760653
263779427.941378
263779427.941378
263779427.941378
263779427.941378
263779427.941378
263779427.941378
263779427.941378
263779427.941378
263779427.941378
263779427.941378
263779427.941378
263779427.941378
263779427.941378
472550273.284979
472550273.284979
472550273.284979
472550273.284979
472550273.284979
472550273.284979
472550273.284979
472550273.284979
472550273.284979
472550273.284979
472550273.284979
472550273.284979
472550273.284979
716655157.241385
716655157.241385
716655157.241385
716655157.241385
716655157.241385
716655157.241385
716655157.241385
716655157.241385
716655157.241385
716655157.241385
716655157.241385
716655157.241385
716655157.241385
920084167.620038
920084167.620038
920084167.620038
920084167.620038
920084167.620038
920084167.620038
920084167.620038
920084167.620038
920084167.620038
920084167.620038
920084167.620038
920084167.620038
920084167.620038
1000000000.000000
1000000000.000000
1000000000.000000
1000000000.000000
1000000000.000000
1000000000.000000
1000000000.000000
1000000000.000000
1000000000.000000
1000000000.000000
1000000000.000000
1000000000.000000
1000000000.000000
920084167.620038
920084167.620038
920084167.620038
920084167.620038
920084167.620038
920084167.620038
920084167.620038
920084167.620038
920084167.620038
920084167.620038
920084167.620038
920084167.620038
920084167.620038
716655157.241385
716655157.241385
716655157.241385
716655157.241385
716655157.241385
716655157.241385
716655157.241385
716655157.241385
716655157.241385
716655157.241385
716655157.241385
716655157.241385
716655157.241385
472550273.284979
472550273.284979
472550273.284979
472550273.284979
472550273.284979
472550273.284979
472550273.284979
472550273.284979
472550273.284979
472550273.284979
472550273.284979
472550273.284979
472550273.284979
263779427.941378
263779427.941378
263779427.941378
263779427.941378
263779427.941378
263779427.941378
263779427.941378
263779427.941378
263779427.941378
263779427.941378
263779427.941378
263779427.941378
263779427.941378
124649040.760653
124649040.760653
124649040.760653
124649040.760653
124649040.760653
124649040.760653
124649040.760653
124649040.760653
124649040.760653
124649040.760653
124649040.760653
124649040.760653
124649040.760653
49864569.579254
49864569.579254
49864569.579254
49864569.579254
49864569.579254
49864569.579254
49864569.579254
49864569.579254
49864569.579254
49864569.579254
49864569.579254
49864569.579254
49864569.579254
16886915.251179
16886915.251179
16886915.251179
16886915.251179
16886915.251179
16886915.251179
16886915.251179
16886915.251179
16886915.251179
16886915.251179
16886915.251179
16886915.251179
16886915.251179
16886915.251179
16886915.251179
16886915.251179
16886915.251179
16886915.251179
16886915.251179
16886915.251179
16886915.251179
16886915.251179
16886915.251179
16886915.251179
16886915.251179
16886915.251179
49864569.579254
49864569.579254
49864569.579254
49864569.579254
49864569.579254
49864569.579254
49864569.579254
49864569.579254
49864569.579254
49864569.579254
49864569.579254
49864569.579254
49864569.579254
124649040.760653
124649040.760653
124649040.760653
124649040.760653
124649040.760653
124649040.760653
124649040.760653
124649040.760653
124649040.760653
124649040.760653
124649040.760653
124649040.760653
124649040.760653
263779427.941378
263779427.941378
263779427.941378
263779427.941378
263779427.941378
263779427.941378
263779427.941378
263779427.941378
263779427.941378
263779427.941378
263779427.941378
263779427.941378
263779427.941378
472550273.284979
472550273.284979
472550273.284979
472550273.284979
472550273.284979
472550273.284979
472550273.284979
472550273.284979
472550273.284979
472550273.284979
472550273.284979
472550273.284979
472550273.284979
716655157.241385
716655157.241385
716655157.241385
716655157.241385
716655157.241385
716655157.241385
716655157.241385
716655157.241385
716655157.241385
716655157.241385
716655157.241385
716655157.241385
716655157.241385
920084167.620038
920084167.620038
920084167.620038
920084167.620038
920084167.620038
920084167.620038
920084167.620038
920084167.620038
920084167.620038
920084167.620038
920084167.620038
920084167.620038
920084167.620038
1000000000.000000
1000000000.000000
1000000000.000000
1000000000.000000
1000000000.000000
1000000000.000000
1000000000.000000
1000000000.000000
1000000000.000000
1000000000.000000
1000000000.000000
1000000000.000000
1000000000.000000
920084167.620038
920084167.620038
920084167.620038
920084167.620038
920084167.620038
920084167.620038
920084167.620038
920084167.620038
920084167.620038
920084167.620038
920084167.620038
920084167.620038
920084167.620038
716655157.241385
716655157.241385
716655157.241385
716655157.241385
716655157.241385
716655157.241385
716655157.241385
716655157.241385
716655157.241385
716655157.241385
716655157.241385
716655157.241385
716655157.241385
472550273.284979
472550273.284979
472550273.284979
472550273.284979
472550273.284979
472550273.284979
472550273.284979
472550273.284979
472550273.284979
472550273.284979
472550273.284979
472550273.284979
472550273.284979
263779427.941378
263779427.941378
263779427.941378
263779427.941378
263779427.941378
263779427.941378
263779427.941378
263779427.941378
263779427.941378
263779427.941378
263779427.941378
263779427.941378
263779427.941378
124649040.760653
124649040.760653
124649040.760653
124649040.760653
124649040.760653
124649040.760653
124649040.760653
124649040.760653
124649040.760653
124649040.760653
124649040.760653
124649040.760653
124649040.760653
49864569.579254
49864569.579254
49864569.579254
49864569.579254
49864569.579254
49864569.579254
49864569.579254
49864569.579254
49864569.579254
49864569.579254
49864569.579254
49864569.579254
49864569.579254
16886915.251179
16886915.251179
16886915.251179
16886915.251179
16886915.251179
16886915.251179
16886915.251179
16886915.251179
16886915.251179
16886915.251179
16886915.251179
16886915.251179
16886915.251179
16886915.251179
16886915.251179
16886915.251179
16886915.251179
16886915.251179
16886915.251179
16886915.251179
16886915.251179
16886915.251179
16886915.251179
16886915.251179
16886915.251179
16886915.251179
49864569.579254
49864569.579254
49864569.579254
49864569.579254
49864569.579254
49864569.579254
49864569.579254
49864569.579254
49864569.579254
49864569.579254
49864569.579254
49864569.579254
49864569.579254
124649040.760653
124649040.760653
124649040.760653
124649040.760653
124649040.760653
124649040.760653
124649040.760653
124649040.760653
124649040.760653
124649040.760653
124649040.760653
124649040.760653
124649040.760653
263779427.941378
263779427.941378
263779427.941378
263779427.941378
263779427.941378
263779427.941378
263779427.941378
263779427.941378
263779427.941378
263779427.941378
263779427.941378
263779427.941378
263779427.941378
472550273.284979
472550273.284979
472550273.284979
472550273.284979
472550273.284979
472550273.284979
472550273.284979
472550273.284979
472550273.284979
472550273.284979
472550273.284979
472550273.284979
472550273.284979
716655157.241385
716655157.241385
716655157.241385
716655157.241385
716655157.241385
716655157.241385
716655157.241385
716655157.241385
716655157.241385
716655157.241385
716655157.241385
716655157.241385
716655157.241385
920084167.620038
920084167.620038
920084167.620038
920084167.620038
920084167.620038
920084167.620038
920084167.620038
920084167.620038
920084167.620038
920084167.620038
920084167.620038
920084167.620038
920084167.620038
1000000000.000000
1000000000.000000
1000000000.000000
1000000000.000000
1000000000.000000
1000000000.000000
1000000000.000000
1000000000.000000
1000000000.000000
1000000000.000000
1000000000.000000
1000000000.000000
1000000000.000000
920084167.620038
920084167.620038
920084167.620038
920084167.620038
920084167.620038
920084167.620038
920084167.620038
920084167.620038
920084167.620038
920084167.620038
920084167.620038
920084167.620038
920084167.620038
716655157.241385
716655157.241385
716655157.241385
716655157.241385
716655157.241385
716655157.241385
716655157.241385
716655157.241385
716655157.241385
716655157.241385
716655157.241385
716655157.241385
716655157.241385
472550273.284979
472550273.284979
472550273.284979
472550273.284979
472550273.284979
472550273.284979
472550273.284979
472550273.284979
472550273.284979
472550273.284979
472550273.284979
472550273.284979
472550273.284979
263779427.941378
263779427.941378
263779427.941378
263779427.941378
263779427.941378
263779427.941378
263779427.941378
263779427.941378
263779427.941378
263779427.941378
263779427.941378
263779427.941378
263779427.941378
124649040.760653
124649040.760653
124649040.760653
124649040.760653
124649040.760653
124649040.760653
124649040.760653
124649040.760653
124649040.760653
124649040.760653
124649040.760653
124649040.760653
124649040.760653
49864569.579254
49864569.579254
49864569.579254
49864569.579254
49864569.579254
49864569.579254
49864569.579254
49864569.579254
49864569.579254
49864569.579254
49864569.579254
49864569.579254
49864569.579254
16886915.251179
16886915.251179
16886915.251179
16886915.251179
16886915.251179
16886915.251179
16886915.251179
16886915.251179
16886915.251179
16886915.251179
16886915.251179
16886915.251179
16886915.251179
16886915.251179
16886915.251179
16886915.251179
16886915.251179
16886915.251179
16886915.251179
16886915.251179
16886915.251179
16886915.251179
16886915.251179
16886915.251179
16886915.251179
16886915.251179
49864569.579254
49864569.579254
49864569.579254
49864569.579254
49864569.579254
49864569.579254
49864569.579254
49864569.579254
49864569.579254
49864569.579254
49864569.579254
49864569.579254
49864569.579254
124649040.760653
124649040.760653
124649040.760653
124649040.760653
124649040.760653
124649040.760653
124649040.760653
124649040.760653
124649040.760653
124649040.760653
124649040.760653
124649040.760653
124649040.760653
263779427.941378
263779427.941378
263779427.941378
263779427.941378
263779427.941378
263779427.941378
263779427.941378
263779427.941378
263779427.941378
263779427.941378
263779427.941378
263779427.941378
263779427.941378
472550273.284979
472550273.284979
472550273.284979
472550273.284979
472550273.284979
472550273.284979
472550273.284979
472550273.284979
472550273.284979
472550273.284979
472550273.284979
472550273.284979
472550273.284979
716655157.241385
716655157.241385
716655157.241385
716655157.241385
716655157.241385
716655157.241385
716655157.241385
716655157.241385
716655157.241385
716655157.241385
716655157.241385
716655157.241385
716655157.241385
920084167.620038
920084167.620038
920084167.620038
920084167.620038
920084167.620038
920084167.620038
920084167.620038
920084167.620038
920084167.620038
920084167.620038
920084167.620038
920084167.620038
920084167.620038
1000000000.000000
1000000000.000000
1000000000.000000
1000000000.000000
1000000000.000000
1000000000.000000
1000000000.000000
1000000000.000000
1000000000.000000
1000000000.000000
1000000000.000000
1000000000.000000
1000000000.000000
920084167.620038
920084167.620038
920084167.620038
920084167.620038
920084167.620038
920084167.620038
920084167.620038
920084167.620038
920084167.620038
920084167.620038
920084167.620038
920084167.620038
920084167.620038
716655157.241385
716655157.241385
716655157.241385
716655157.241385
716655157.241385
716655157.241385
716655157.241385
716655157.241385
716655157.241385
716655157.241385
716655157.241385
716655157.241385
716655157.241385
472550273.284979
472550273.284979
472550273.284979
472550273.284979
472550273.284979
472550273.284979
472550273.284979
472550273.284979
472550273.284979
472550273.284979
472550273.284979
472550273.284979
472550273.284979
263779427.941378
263779427.941378
263779427.941378
263779427.941378
263779427.941378
263779427.941378
263779427.941378
263779427.941378
263779427.941378
263779427.941378
263779427.941378
263779427.941378
263779427.941378
124649040.760653
124649040.760653
124649040.760653
124649040.760653
124649040.760653
124649040.760653
124649040.760653
124649040.760653
124649040.760653
124649040.760653
124649040.760653
124649040.760653
124649040.760653
49864569.579254
49864569.579254
49864569.579254
49864569.579254
49864569.579254
49864569.579254
49864569.579254
49864569.579254
49864569.579254
49864569.579254
49864569.579254
49864569.579254
49864569.579254
16886915.251179
16886915.251179
16886915.251179
16886915.251179
16886915.251179
16886915.251179
16886915.251179
16886915.251179
16886915.251179
16886915.251179
16886915.251179
16886915.251179
16886915.251179
0.000000
0.000000
0.000000
0.000000
0.000000
0.000000
0.000000
0.000000
0.000000
0.000000
0.000000
0.000000
0.000000
0.000000
0.000000
0.000000
0.000000
0.000000
0.000000
0.000000
0.000000
0.000000
0.000000
0.000000
0.000000
0.000000
0.000000
0.000000
0.000000
0.000000
0.000000
0.000000
0.000000
0.000000
0.000000
0.000000
0.000000
0.000000
0.000000
0.000000
0.000000
0.000000
0.000000
0.000000
0.000000
0.000000
0.000000
0.000000
0.000000
0.000000
0.000000
0.000000
0.000000
0.000000
0.000000
0.000000
0.000000
0.000000
0.000000
0.000000
0.000000
0.000000
0.000000
0.000000
0.000000
0.000000
0.000000
0.000000
0.000000
0.000000
0.000000
0.000000
0.000000
0.000000
0.000000
0.000000
0.000000
0.000000
0.000000
0.000000
0.000000
0.000000
0.000000
0.000000
0.000000
0.000000
0.000000
0.000000
0.000000
0.000000
0.000000
0.000000
0.000000
0.000000
0.000000
0.000000
0.000000
0.000000
0.000000
0.000000
0.000000
0.000000
0.000000
0.000000
0.000000
0.000000
0.000000
0.000000
0.000000
0.000000
0.000000
0.000000
0.000000
0.000000
0.000000
0.000000
0.000000
0.000000
0.000000
0.000000
0.000000
0.000000
0.000000
0.000000
0.000000
0.000000
0.000000
0.000000
0.000000
0.000000
0.000000
0.000000
0.000000
0.000000
0.000000
0.000000
0.000000
0.000000
0.000000
0.000000
0.000000
0.000000
0.000000
0.000000
0.000000
0.000000
0.000000
0.000000
0.000000
0.000000
0.000000
0.000000
0.000000
0.000000
0.000000
0.000000
0.000000
0.000000
0.000000
0.000000
0.000000
0.000000
0.000000
0.000000
0.000000
0.000000
0.000000
0.000000
0.000000
0.000000
0.000000
0.000000
0.000000
0.000000
0.000000
0.000000
0.000000
0.000000
0.000000
0.000000
0.000000
0.000000
0.000000
0.000000
0.000000
0.000000
0.000000
0.000000
0.000000
0.000000
0.000000
0.000000
0.000000
0.000000
0.000000
0.000000
0.000000
0.000000
0.000000
0.000000
0.000000
0.000000
0.000000
0.000000
0.000000
0.000000
0.000000
0.000000
0.000000
0.000000
0.000000
0.000000
0.000000
0.000000
0.000000
0.000000
0.000000
0.000000
0.000000
0.000000
0.000000
0.000000
0.000000
0.000000
0.000000
0.000000
0.000000
0.000000
0.000000
0.000000
0.000000
0.000000
0.000000
0.000000
0.000000
0.000000
0.000000
0.000000
0.000000
0.000000
0.000000
0.000000
0.000000
0.000000
0.000000
0.000000
0.000000
0.000000
0.000000
0.000000
0.000000
0.000000
0.000000
0.000000
0.000000
0.000000
0.000000
0.000000
0.000000
0.000000
0.000000
0.000000
0.000000
0.000000
0.000000
0.000000
0.000000
0.000000
0.000000
0.000000
0.000000
0.000000
0.000000
0.000000
0.000000
0.000000
0.000000
0.000000
0.000000
0.000000
0.000000
0.000000
0.000000
0.000000
0.000000
0.000000
0.000000
0.000000
0.000000
0.000000
0.000000
0.000000
0.000000
0.000000
0.000000
0.000000
0.000000
0.000000
0.000000
0.000000
0.000000
0.000000
0.000000
0.000000
0.000000
0.000000
0.000000
0.000000
0.000000
0.000000
0.000000
0.000000
0.000000
0.000000
0.000000
0.000000
0.000000
0.000000
0.000000
0.000000
0.000000
0.000000
0.000000
0.000000
0.000000
0.000000
0.000000
0.000000
0.000000
0.000000
0.000000
0.000000
0.000000
0.000000
0.000000
0.000000
0.000000
0.000000
0.000000
0.000000
0.000000
0.000000
0.000000
0.000000
0.000000
0.000000
0.000000
0.000000
0.000000
0.000000
0.000000
0.000000
0.000000
0.000000
0.000000
0.000000
0.000000
0.000000
0.000000
0.000000
0.000000
0.000000
0.000000
0.000000
0.000000
0.000000
0.000000
0.000000
0.000000
0.000000
0.000000
0.000000
0.000000
0.000000
0.000000
0.000000
0.000000
0.000000
0.000000
0.000000
0.000000
0.000000
0.000000
0.000000
0.000000
0.000000
0.000000
0.000000
0.000000
0.000000
0.000000
0.000000
0.000000
0.000000
0.000000
0.000000
0.000000
0.000000
0.000000
0.000000
0.000000
0.000000
0.000000
0.000000
0.000000
0.000000
0.000000
0.000000
0.000000
0.000000
0.000000
0.000000
0.000000
0.000000
0.000000
0.000000
0.000000
0.000000
0.000000
0.000000
0.000000
0.000000
0.000000
0.000000
0.000000
0.000000
0.000000
0.000000
0.000000
0.000000
0.000000
0.000000
0.000000
0.000000
0.000000
0.000000
0.000000
0.000000
0.000000
0.000000
0.000000
0.000000
0.000000
0.000000
0.000000
0.000000
0.000000
0.000000
0.000000
0.000000
0.000000
0.000000
0.000000
0.000000
0.000000
0.000000
0.000000
0.000000
0.000000
0.000000
0.000000
0.000000
0.000000
0.000000
0.000000
0.000000
0.000000
0.000000
0.000000
0.000000
0.000000
0.000000
0.000000
0.000000
0.000000
0.000000
0.000000
0.000000
0.000000
0.000000
0.000000
0.000000
0.000000
0.000000
0.000000
0.000000
0.000000
0.000000
0.000000
0.000000
0.000000
0.000000
0.000000
0.000000
0.000000
0.000000
0.000000
0.000000
0.000000
0.000000
0.000000
0.000000
0.000000
0.000000
0.000000
0.000000
0.000000
0.000000
0.000000
0.000000
0.000000
0.000000
0.000000
0.000000
0.000000
0.000000
0.000000
0.000000
0.000000
0.000000
0.000000
0.000000
0.000000
0.000000
0.000000
0.000000
0.000000
0.000000
0.000000
0.000000
0.000000
0.000000
0.000000
0.000000
0.000000
0.000000
0.000000
0.000000
0.000000
0.000000
0.000000
0.000000
0.000000
0.000000
0.000000
0.000000
0.000000
0.000000
0.000000
0.000000
0.000000
0.000000
0.000000
0.000000
0.000000
0.000000
0.000000
0.000000
0.000000
0.000000
0.000000
0.000000
0.000000
0.000000
0.000000
0.000000
0.000000
0.000000
0.000000
0.000000
0.000000
0.000000
0.000000
0.000000
0.000000
0.000000
0.000000
0.000000
0.000000
0.000000
0.000000
0.000000
0.000000
0.000000
0.000000
0.000000
0.000000
0.000000
0.000000
0.000000
0.000000
0.000000
0.000000
0.000000
0.000000
0.000000
0.000000
0.000000
0.000000
0.000000
0.000000
0.000000
0.000000
0.000000
0.000000
0.000000
0.000000
0.000000
0.000000
0.000000
0.000000
0.000000
0.000000
0.000000
0.000000
0.000000
0.000000
0.000000
0.000000
0.000000
0.000000
0.000000
0.000000
0.000000
0.000000
0.000000
0.000000
0.000000
0.000000
0.000000
0.000000
0.000000
0.000000
0.000000
0.000000
0.000000
0.000000
0.000000
0.000000
0.000000
0.000000
0.000000
0.000000
0.000000
0.000000
0.000000
0.000000
0.000000
0.000000
0.000000
0.000000
0.000000
0.000000
0.000000
0.000000
0.000000
0.000000
0.000000
0.000000
0.000000
0.000000
0.000000
0.000000
0.000000
0.000000
0.000000
0.000000
0.000000
0.000000
0.000000
0.000000
0.000000
0.000000
0.000000
0.000000
0.000000
0.000000
0.000000
0.000000
0.000000
0.000000
0.000000
0.000000
0.000000
0.000000
0.000000
0.000000
0.000000
0.000000
0.000000
0.000000
0.000000
0.000000
0.000000
0.000000
0.000000
0.000000
0.000000
0.000000
0.000000
0.000000
0.000000
0.000000
0.000000
0.000000
0.000000
0.000000
0.000000
0.000000
0.000000
0.000000
0.000000
0.000000
0.000000
0.000000
0.000000
0.000000
0.000000
0.000000
0.000000
0.000000
0.000000
0.000000
0.000000
0.000000
0.000000
0.000000
0.000000
0.000000
0.000000
0.000000
0.000000
0.000000
0.000000
0.000000
0.000000
0.000000
0.000000
0.000000
0.000000
0.000000
0.000000
0.000000
0.000000
0.000000
0.000000
0.000000
0.000000
0.000000
0.000000
0.000000
0.000000
0.000000
0.000000
0.000000
0.000000
0.000000
0.000000
0.000000
0.000000
0.000000
0.000000
0.000000
0.000000
0.000000
0.000000
0.000000
0.000000
0.000000
0.000000
0.000000
0.000000
0.000000
0.000000
0.000000
0.000000
0.000000
0.000000
0.000000
0.000000
