# A cartesian grid is assumed. First the number of grid points is given.
# Then, the three vectors that define the free surface position are given. x is given first, then z and then y.
# The coordinate y is the position of the free surface and is translated to the grid in an x-major way.
# For example, lets assume the number of z-points is 5. Then third y-value corresponds to the location z(3), x(1).
# The sixth y-value corresponds to the location z(1), x(2).
# 
# Number of points
200 2
# x-coordinate [m]
0.000000
0.000045
0.000090
0.000136
0.000181
0.000226
0.000271
0.000317
0.000362
0.000407
0.000452
0.000497
0.000543
0.000588
0.000633
0.000678
0.000724
0.000769
0.000814
0.000859
0.000905
0.000950
0.000995
0.001040
0.001085
0.001131
0.001176
0.001221
0.001266
0.001312
0.001357
0.001402
0.001447
0.001492
0.001538
0.001583
0.001628
0.001673
0.001719
0.001764
0.001809
0.001854
0.001899
0.001945
0.001990
0.002035
0.002080
0.002126
0.002171
0.002216
0.002261
0.002307
0.002352
0.002397
0.002442
0.002487
0.002533
0.002578
0.002623
0.002668
0.002714
0.002759
0.002804
0.002849
0.002894
0.002940
0.002985
0.003030
0.003075
0.003121
0.003166
0.003211
0.003256
0.003302
0.003347
0.003392
0.003437
0.003482
0.003528
0.003573
0.003618
0.003663
0.003709
0.003754
0.003799
0.003844
0.003889
0.003935
0.003980
0.004025
0.004070
0.004116
0.004161
0.004206
0.004251
0.004296
0.004342
0.004387
0.004432
0.004477
0.004523
0.004568
0.004613
0.004658
0.004704
0.004749
0.004794
0.004839
0.004884
0.004930
0.004975
0.005020
0.005065
0.005111
0.005156
0.005201
0.005246
0.005291
0.005337
0.005382
0.005427
0.005472
0.005518
0.005563
0.005608
0.005653
0.005698
0.005744
0.005789
0.005834
0.005879
0.005925
0.005970
0.006015
0.006060
0.006106
0.006151
0.006196
0.006241
0.006286
0.006332
0.006377
0.006422
0.006467
0.006513
0.006558
0.006603
0.006648
0.006693
0.006739
0.006784
0.006829
0.006874
0.006920
0.006965
0.007010
0.007055
0.007101
0.007146
0.007191
0.007236
0.007281
0.007327
0.007372
0.007417
0.007462
0.007508
0.007553
0.007598
0.007643
0.007688
0.007734
0.007779
0.007824
0.007869
0.007915
0.007960
0.008005
0.008050
0.008095
0.008141
0.008186
0.008231
0.008276
0.008322
0.008367
0.008412
0.008457
0.008503
0.008548
0.008593
0.008638
0.008683
0.008729
0.008774
0.008819
0.008864
0.008910
0.008955
0.009000
# z-coordinates [m]
0.000000
0.010000
# y-coordinates [m]
0.009000
0.009000
0.009012
0.009012
0.009024
0.009024
0.009036
0.009036
0.009048
0.009048
0.009061
0.009061
0.009073
0.009073
0.009085
0.009085
0.009097
0.009097
0.009109
0.009109
0.009121
0.009121
0.009133
0.009133
0.009145
0.009145
0.009158
0.009158
0.009170
0.009170
0.009182
0.009182
0.009194
0.009194
0.009206
0.009206
0.009218
0.009218
0.009230
0.009230
0.009242
0.009242
0.009254
0.009254
0.009267
0.009267
0.009279
0.009279
0.009291
0.009291
0.009303
0.009303
0.009315
0.009315
0.009327
0.009327
0.009339
0.009339
0.009351
0.009351
0.009364
0.009364
0.009376
0.009376
0.009388
0.009388
0.009400
0.009400
0.009412
0.009412
0.009424
0.009424
0.009436
0.009436
0.009448
0.009448
0.009460
0.009460
0.009473
0.009473
0.009485
0.009485
0.009497
0.009497
0.009509
0.009509
0.009521
0.009521
0.009533
0.009533
0.009545
0.009545
0.009557
0.009557
0.009570
0.009570
0.009582
0.009582
0.009594
0.009594
0.009606
0.009606
0.009618
0.009618
0.009630
0.009630
0.009642
0.009642
0.009654
0.009654
0.009667
0.009667
0.009679
0.009679
0.009691
0.009691
0.009703
0.009703
0.009715
0.009715
0.009727
0.009727
0.009739
0.009739
0.009751
0.009751
0.009763
0.009763
0.009776
0.009776
0.009788
0.009788
0.009800
0.009800
0.009812
0.009812
0.009824
0.009824
0.009836
0.009836
0.009848
0.009848
0.009860
0.009860
0.009873
0.009873
0.009885
0.009885
0.009897
0.009897
0.009909
0.009909
0.009921
0.009921
0.009933
0.009933
0.009945
0.009945
0.009957
0.009957
0.009969
0.009969
0.009982
0.009982
0.009994
0.009994
0.010006
0.010006
0.010018
0.010018
0.010030
0.010030
0.010042
0.010042
0.010054
0.010054
0.010066
0.010066
0.010079
0.010079
0.010091
0.010091
0.009000
0.009000
0.009000
0.009000
0.009000
0.009000
0.009000
0.009000
0.009000
0.009000
0.009000
0.009000
0.009000
0.009000
0.009000
0.009000
0.009000
0.009000
0.009000
0.009000
0.009000
0.009000
0.009000
0.009000
0.009000
0.009000
0.009000
0.009000
0.009000
0.009000
0.009000
0.009000
0.009000
0.009000
0.009000
0.009000
0.009000
0.009000
0.009000
0.009000
0.009000
0.009000
0.009000
0.009000
0.009000
0.009000
0.009000
0.009000
0.009000
0.009000
0.009000
0.009000
0.009000
0.009000
0.009000
0.009000
0.009000
0.009000
0.009000
0.009000
0.009000
0.009000
0.009000
0.009000
0.009000
0.009000
0.009000
0.009000
0.009000
0.009000
0.009000
0.009000
0.009000
0.009000
0.009000
0.009000
0.009000
0.009000
0.009000
0.009000
0.009000
0.009000
0.009000
0.009000
0.009000
0.009000
0.009000
0.009000
0.009000
0.009000
0.009000
0.009000
0.009000
0.009000
0.009000
0.009000
0.009000
0.009000
0.009000
0.009000
0.009000
0.009000
0.009000
0.009000
0.009000
0.009000
0.009000
0.009000
0.009000
0.009000
0.009000
0.009000
0.009000
0.009000
0.009000
0.009000
0.009000
0.009000
0.009000
0.009000
0.009000
0.009000
0.009000
0.009000
0.009000
0.009000
0.009000
0.009000
0.009000
0.009000
0.009000
0.009000
0.009000
0.009000
0.009000
0.009000
0.009000
0.009000
0.009000
0.009000
0.009000
0.009000
0.009000
0.009000
0.009000
0.009000
0.009000
0.009000
0.009000
0.009000
0.009000
0.009000
0.009000
0.009000
0.009000
0.009000
0.009000
0.009000
0.009000
0.009000
0.009000
0.009000
0.009000
0.009000
0.009000
0.009000
0.009000
0.009000
0.009000
0.009000
0.009000
0.009000
0.009000
0.009000
0.009000
0.009000
0.009000
0.009000
0.009000
0.009000
0.009000
0.009000
0.009000
0.009000
0.009000
0.009000
0.009000
0.009000
0.009000
0.009000
0.009000
0.009000
0.009000
0.009000
0.009000
0.009000
0.009000
0.009000
0.009000
0.009000
0.009000
0.009000
0.009000
0.009000
0.009000
0.009000
0.009000
0.009000
0.009000
0.009000
0.009000
0.009000
0.009000
0.009000
0.009000
0.009000
0.009000
0.009000
